50
2147483647 71 95 69 44 69 91 70 45 61 44 94 1 40 94 51 33 60 98 22 67 73 70 39 99 80 38 85 40 91 95 99 27 82 36 56 4 95 49 95 25 68 15 27 14 2 30 46 82 13
71 2147483647 40 9 12 41 96 97 3 15 45 58 60 97 75 69 5 7 33 11 29 38 36 52 61 95 63 18 3 54 20 50 1 61 15 40 88 18 62 81 55 87 70 51 68 46 52 59 57 56
95 40 2147483647 16 29 23 27 82 3 22 30 28 19 5 27 4 55 11 35 56 55 38 53 77 63 50 90 13 14 36 44 55 63 89 65 67 55 59 18 9 51 87 29 63 19 26 43 53 88 94
69 9 16 2147483647 30 12 67 31 7 61 91 13 39 39 94 86 44 17 82 89 29 60 22 84 25 100 11 32 32 96 82 62 87 80 70 26 74 37 8 45 37 9 17 29 61 95 35 9 89 43
44 12 29 30 2147483647 11 85 85 85 5 83 87 26 81 87 7 99 25 7 26 9 29 94 20 20 52 6 18 29 99 24 7 30 21 47 37 58 91 70 3 11 68 53 79 30 67 50 87 29 1
69 41 23 12 11 2147483647 41 93 22 29 41 15 89 19 54 96 87 10 16 16 94 72 91 34 81 40 61 10 58 8 69 35 64 42 8 54 82 61 98 46 93 78 83 65 36 7 61 99 63 51
91 96 27 67 85 41 2147483647 73 43 28 42 56 75 22 44 40 41 40 58 71 79 81 90 44 42 65 5 66 5 42 88 4 1 94 73 61 24 27 70 85 43 67 26 80 93 90 2 6 52 21
70 97 82 31 85 93 73 2147483647 69 51 70 13 34 71 75 50 79 1 9 38 98 88 10 5 3 43 12 57 72 38 40 26 9 25 92 53 30 15 39 23 59 37 83 59 32 57 65 14 84 90
45 3 3 7 85 22 43 69 2147483647 49 27 91 58 63 15 21 60 79 96 54 56 57 32 57 11 31 58 9 47 71 44 85 98 29 41 21 97 74 29 88 65 36 34 54 44 48 65 45 19 29
61 15 22 61 5 29 28 51 49 2147483647 33 13 82 13 14 68 63 10 100 9 73 91 74 82 81 87 30 70 84 77 39 29 17 36 12 58 45 38 40 26 24 94 3 45 13 96 44 31 60 51
44 45 30 91 83 41 42 70 27 33 2147483647 80 94 80 80 27 63 54 63 23 75 42 65 76 27 16 4 46 39 41 89 98 76 9 24 5 43 66 19 58 42 38 78 35 8 27 73 22 24 50
94 58 28 13 87 15 56 13 91 13 80 2147483647 59 78 78 64 84 82 98 84 46 71 36 67 84 50 17 96 26 85 95 64 83 63 88 88 81 49 71 36 22 47 24 70 54 85 56 48 46 57
1 60 19 39 26 89 75 34 58 82 94 59 2147483647 86 63 78 42 15 84 51 1 53 49 12 90 16 93 23 96 2 21 34 45 43 58 84 13 22 86 3 12 20 50 12 14 4 12 8 15 38
40 97 5 39 81 19 22 71 63 13 80 78 86 2147483647 76 97 49 39 77 58 26 66 96 68 41 87 22 72 41 84 81 16 41 71 37 41 10 21 93 93 70 68 91 78 63 61 34 59 62 43
94 75 27 94 87 54 44 75 15 14 80 78 63 76 2147483647 82 24 90 55 98 98 12 78 13 9 82 23 96 22 1 99 61 21 97 94 22 56 10 81 49 11 13 52 6 14 41 43 1 83 42
51 69 4 86 7 96 40 50 21 68 27 64 78 97 82 2147483647 25 27 78 28 84 70 14 93 24 12 6 70 73 93 87 82 27 64 40 27 48 64 43 97 61 97 36 58 29 83 57 79 73 15
33 5 55 44 99 87 41 79 60 63 63 84 42 49 24 25 2147483647 68 10 27 13 18 34 30 39 35 44 60 27 10 19 15 19 67 82 98 55 1 55 87 91 35 61 37 97 56 41 30 8 25
60 7 11 17 25 10 40 1 79 10 54 82 15 39 90 27 68 2147483647 88 70 28 62 99 3 58 34 80 2 35 97 53 86 66 12 21 6 67 33 34 31 3 41 47 43 52 74 97 8 58 59
98 33 35 82 7 16 58 9 96 100 63 98 84 77 55 78 10 88 2147483647 72 83 84 50 69 94 88 62 77 59 41 64 98 95 1 15 28 35 87 8 41 56 18 100 35 57 49 60 59 30 55
22 11 56 89 26 16 71 38 54 9 23 84 51 58 98 28 27 70 72 2147483647 22 52 56 32 32 23 29 53 26 40 99 1 100 16 72 79 60 5 44 50 48 96 48 73 11 96 37 54 12 10
67 29 55 29 9 94 79 98 56 73 75 46 1 26 98 84 13 28 83 22 2147483647 13 56 3 11 88 79 72 57 64 96 98 35 88 72 29 82 34 1 52 17 75 30 66 100 91 59 80 95 59
73 38 38 60 29 72 81 88 57 91 42 71 53 66 12 70 18 62 84 52 13 2147483647 94 75 21 74 48 41 53 36 11 9 47 35 19 70 43 59 51 13 90 51 3 96 42 6 11 8 31 65
70 36 53 22 94 91 90 10 32 74 65 36 49 96 78 14 34 99 50 56 56 94 2147483647 8 6 44 1 26 46 5 6 30 9 33 97 71 74 57 22 57 82 32 29 11 70 47 29 73 45 55
39 52 77 84 20 34 44 5 57 82 76 67 12 68 13 93 30 3 69 32 3 75 8 2147483647 91 20 46 44 73 74 80 50 54 91 35 28 2 28 86 90 40 3 50 66 82 67 47 76 58 82
99 61 63 25 20 81 42 3 11 81 27 84 90 41 9 24 39 58 94 32 11 21 6 91 2147483647 43 83 73 47 7 43 14 63 51 84 99 39 11 89 55 59 9 100 33 96 68 98 11 79 20
80 95 50 100 52 40 65 43 31 87 16 50 16 87 82 12 35 34 88 23 88 74 44 20 43 2147483647 88 92 40 65 67 80 4 94 65 21 72 69 21 49 18 31 29 50 91 64 76 3 38 17
38 63 90 11 6 61 5 12 58 30 4 17 93 22 23 6 44 80 62 29 79 48 1 46 83 88 2147483647 90 12 24 99 35 87 34 68 64 14 32 91 73 7 52 90 8 90 5 95 5 27 19
85 18 13 32 18 10 66 57 9 70 46 96 23 72 96 70 60 2 77 53 72 41 26 44 73 92 90 2147483647 84 52 26 17 43 40 98 22 59 70 41 29 76 26 14 68 55 91 25 9 79 61
40 3 14 32 29 58 5 72 47 84 39 26 96 41 22 73 27 35 59 26 57 53 46 73 47 40 12 84 2147483647 50 73 15 33 81 1 61 100 29 35 83 2 43 77 77 70 9 57 41 61 100
91 54 36 96 99 8 42 38 71 77 41 85 2 84 1 93 10 97 41 40 64 36 5 74 7 65 24 52 50 2147483647 79 86 35 95 68 84 23 42 48 58 12 91 64 59 37 91 51 27 29 64
95 20 44 82 24 69 88 40 44 39 89 95 21 81 99 87 19 53 64 99 96 11 6 80 43 67 99 26 73 79 2147483647 76 8 94 75 17 85 47 26 89 75 48 67 2 9 69 26 3 87 7
99 50 55 62 7 35 4 26 85 29 98 64 34 16 61 82 15 86 98 1 98 9 30 50 14 80 35 17 15 86 76 2147483647 11 14 36 68 56 75 84 77 79 62 91 3 83 62 86 87 42 64
27 1 63 87 30 64 1 9 98 17 76 83 45 41 21 27 19 66 95 100 35 47 9 54 63 4 87 43 33 35 8 11 2147483647 55 34 24 62 59 62 38 66 77 85 61 5 36 54 86 85 19
82 61 89 80 21 42 94 25 29 36 9 63 43 71 97 64 67 12 1 16 88 35 33 91 51 94 34 40 81 95 94 14 55 2147483647 91 83 91 6 95 98 78 35 95 64 27 94 20 7 26 100
36 15 65 70 47 8 73 92 41 12 24 88 58 37 94 40 82 21 15 72 72 19 97 35 84 65 68 98 1 68 75 36 34 91 2147483647 93 81 11 43 21 67 70 60 83 96 56 72 47 83 6
56 40 67 26 37 54 61 53 21 58 5 88 84 41 22 27 98 6 28 79 29 70 71 28 99 21 64 22 61 84 17 68 24 83 93 2147483647 72 2 31 40 77 96 37 39 34 2 56 24 66 71
4 88 55 74 58 82 24 30 97 45 43 81 13 10 56 48 55 67 35 60 82 43 74 2 39 72 14 59 100 23 85 56 62 91 81 72 2147483647 66 92 95 70 64 77 28 15 52 81 5 40 2
95 18 59 37 91 61 27 15 74 38 66 49 22 21 10 64 1 33 87 5 34 59 57 28 11 69 32 70 29 42 47 75 59 6 11 2 66 2147483647 64 6 62 36 85 15 88 45 25 52 34 78
49 62 18 8 70 98 70 39 29 40 19 71 86 93 81 43 55 34 8 44 1 51 22 86 89 21 91 41 35 48 26 84 62 95 43 31 92 64 2147483647 15 35 32 72 97 65 11 20 38 49 12
95 81 9 45 3 46 85 23 88 26 58 36 3 93 49 97 87 31 41 50 52 13 57 90 55 49 73 29 83 58 89 77 38 98 21 40 95 6 15 2147483647 34 52 10 34 58 52 97 2 59 30
25 55 51 37 11 93 43 59 65 24 42 22 12 70 11 61 91 3 56 48 17 90 82 40 59 18 7 76 2 12 75 79 66 78 67 77 70 62 35 34 2147483647 81 39 59 52 92 68 34 45 29
68 87 87 9 68 78 67 37 36 94 38 47 20 68 13 97 35 41 18 96 75 51 32 3 9 31 52 26 43 91 48 62 77 35 70 96 64 36 32 52 81 2147483647 1 31 25 89 45 11 24 13
15 70 29 17 53 83 26 83 34 3 78 24 50 91 52 36 61 47 100 48 30 3 29 50 100 29 90 14 77 64 67 91 85 95 60 37 77 85 72 10 39 1 2147483647 55 11 36 4 49 56 87
27 51 63 29 79 65 80 59 54 45 35 70 12 78 6 58 37 43 35 73 66 96 11 66 33 50 8 68 77 59 2 3 61 64 83 39 28 15 97 34 59 31 55 2147483647 65 48 31 93 11 18
14 68 19 61 30 36 93 32 44 13 8 54 14 63 14 29 97 52 57 11 100 42 70 82 96 91 90 55 70 37 9 83 5 27 96 34 15 88 65 58 52 25 11 65 2147483647 49 30 70 86 56
2 46 26 95 67 7 90 57 48 96 27 85 4 61 41 83 56 74 49 96 91 6 47 67 68 64 5 91 9 91 69 62 36 94 56 2 52 45 11 52 92 89 36 48 49 2147483647 47 1 90 80
30 52 43 35 50 61 2 65 65 44 73 56 12 34 43 57 41 97 60 37 59 11 29 47 98 76 95 25 57 51 26 86 54 20 72 56 81 25 20 97 68 45 4 31 30 47 2147483647 72 84 84
46 59 53 9 87 99 6 14 45 31 22 48 8 59 1 79 30 8 59 54 80 8 73 76 11 3 5 9 41 27 3 87 86 7 47 24 5 52 38 2 34 11 49 93 70 1 72 2147483647 45 80
82 57 88 89 29 63 52 84 19 60 24 46 15 62 83 73 8 58 30 12 95 31 45 58 79 38 27 79 61 29 87 42 85 26 83 66 40 34 49 59 45 24 56 11 86 90 84 45 2147483647 90
13 56 94 43 1 51 21 90 29 51 50 57 38 43 42 15 25 59 55 10 59 65 55 82 20 17 19 61 100 64 7 64 19 100 6 71 2 78 12 30 29 13 87 18 56 80 84 80 90 2147483647
